2000
17313
-26817
10823
-26854
2911
-20981
-24224
24555
31640
16252
21048
-10934
-3219
14562
32227
-26027
-717
4994
14054
3392
-9077
19213
-19323
32385
-14576
10762
-28496
18318
-26454
16977
-30727
18456
-20723
13711
27064
8680
-2759
-19909
-21355
31064
-24839
26056
31647
1495
27545
8643
23749
-29289
29340
-30640
-29125
3621
-8926
2019
-21112
19638
-4707
17792
-8237
5851
-5349
28415
-16932
27367
-24655
-22191
-29206
-19777
-320
31536
6315
2276
-8078
-28664
31234
-16352
4801
-5583
-12845
-19415
-18068
9043
-434
-28290
28535
32116
-27147
-21034
3856
24569
6695
-23087
-18613
-22009
10983
17284
-1523
611
-11169
5425
27403
-14455
-32416
-24783
7023
25674
-1443
21264
-20041
-17222
-7770
5173
13045
-27816
28396
30869
9602
10752
-627
-285
13109
8117
13694
11210
28422
-17790
29326
-5169
5665
-12010
-16026
-25592
-1126
-9177
-5515
4954
-30953
2304
-5824
-31143
-10867
6249
396
11713
11263
27120
435
13984
-8510
-19400
19441
3023
17172
-27380
-2674
26093
13337
19406
6491
24365
9496
-4740
4928
25558
-18835
7062
11691
-29380
7229
-25689
-26012
-11749
-29566
17271
31747
15037
26099
29036
-16967
-29410
-32492
24843
-14019
-25729
17132
26615
28996
-8919
-1068
14122
24461
-26297
-1817
-9073
20947
32524
30417
15854
22336
4429
-10666
15509
-27252
10763
-13739
12976
-28160
-7528
21776
6491
-30953
-14236
6858
-10249
29483
-15730
-30461
-31997
-563
-15560
-2945
5585
-17764
-11539
20578
-6130
-25235
24537
2144
26914
25227
16694
-1392
-6133
-23946
26712
-15672
5204
-30657
30722
11670
14334
-11736
-20237
-4378
7938
-29032
2274
25480
20550
-5503
19969
13912
13827
2848
29821
21813
-26182
28097
28798
14977
-15217
-24523
-5309
-21455
15544
14109
-8972
5735
22180
-31112
11468
25542
-25491
-10580
17268
15899
-1078
25019
30993
-19660
18450
-17257
12481
12527
-9728
-12546
16182
-10705
17581
23451
-23353
-2419
-4891
8000
-24100
-30983
12574
-12141
-21607
-3447
-10207
-5013
24068
-11231
-29276
29598
24340
15886
-21990
13410
64
14089
-2722
-25648
-32583
26504
13321
30537
-20351
-8823
10600
-21604
2636
-12662
3680
12586
12203
6489
15207
16058
13994
11945
30277
-9766
-28140
31265
31384
-21749
-11306
27954
-21073
6559
-20653
26239
-32309
-4116
5078
-1634
-28252
24117
-10134
-21349
19125
-16473
-10230
11978
-2945
26057
23440
6404
25043
7493
-17428
17979
-28695
20861
-32452
-716
21127
21912
29944
26566
-30647
-433
-23706
-24431
18699
8021
-2219
-31165
9020
9734
2493
4317
-7894
-18363
7799
15791
-10429
-19806
-29717
-7240
27299
-17229
14053
-24687
-915
-30169
29386
-14881
-4202
-15818
17341
2573
1113
-7384
22087
26136
20836
-10804
14344
28121
24806
20221
-30771
28446
23563
21195
-6160
-23142
17492
-14376
19321
1893
-23574
-26898
2397
-18820
24315
13178
-27712
-21598
-2688
5576
-25273
28740
-30325
23381
12274
32442
-15745
2287
15404
-20215
30107
6489
13625
-17001
30866
2504
-32511
-16686
-31878
-13927
-29692
32412
31852
1748
30141
3514
28814
27297
-19813
-17861
-22281
9684
-23596
-30381
3149
-28007
-7133
28053
29601
-21448
28503
-18774
28572
-1370
-17165
7932
10925
-21747
-32135
28232
12180
-6236
-16350
26156
-20966
21716
30275
31058
26253
15245
14457
-17046
-19525
30253
-31319
14727
-17441
17230
-3143
-14058
-6660
-25343
27594
18742
7464
21313
-25585
22809
-26779
23690
-32229
-7666
-31676
-28230
16736
-25173
8899
-19281
17714
-6283
-12086
1662
4029
-16143
117
20243
18297
5394
23599
3402
13168
7927
-5866
20178
3011
31448
-3199
-844
-6692
-1279
-26780
2255
10842
-19566
-16193
2149
19137
22360
30019
8843
-23751
14245
-30923
27572
30063
28530
18904
-14535
3538
-9614
21177
15260
-921
10750
-4244
28547
-27012
19067
-3042
21949
-10215
-30447
8432
-513
-27943
13819
-6240
-30457
-28225
26995
4006
-21186
30531
-25312
12684
19312
19409
-18430
-16046
31623
-22434
-18236
26110
32387
-12033
-7231
-27969
-23889
24396
25695
10640
19155
3960
-17191
-18392
-12385
28811
-22233
-25947
2626
-32288
-31976
30764
5175
-3815
26237
1975
-17905
-13603
31987
13623
-8085
28458
-5723
5182
17983
10216
-31224
-21297
-28796
-1884
-13508
13257
8911
4889
15849
-21395
15405
-7878
27465
-17520
-21121
3231
13815
-29974
24361
24050
20155
-27022
15223
5027
658
17332
27952
-24233
-28459
-7098
17168
-8334
-1899
-10404
16709
-15347
26602
-14541
24048
-13577
31604
31329
3495
8729
-28554
5090
-8181
-27645
-30942
-3235
27608
-24229
26586
-1360
-19522
-2451
3353
16484
-27801
-28767
28140
31408
-25911
2868
-18647
5083
-10219
5969
-27154
-1757
15478
-14217
-20489
12931
-19726
25795
-8156
-29166
-734
11898
27103
1300
12932
-19262
15898
-18749
-22674
31026
4298
16775
-26127
-11916
28383
-28514
23795
-6681
637
-31509
-15534
29622
26491
-11320
-16033
7383
20454
12855
-25250
4356
-30847
15573
-19325
9815
27961
-25767
-27502
-7679
-7612
-25493
168
1216
16869
7517
-25042
-25457
3651
30736
6788
-16253
-14491
-1170
22478
27490
19557
30494
9393
10037
20301
-28607
-30372
4380
-13747
-4824
2577
26066
10028
-29086
-3797
4391
4863
-17049
9411
3710
5288
27175
-10274
-6477
-10328
-21240
-20010
-11680
12147
5778
4491
-22678
17681
30159
-28391
22754
-25213
-8539
29011
-3916
-21433
-21046
3802
16173
31736
12856
21753
7927
27171
5256
-25892
14506
-15701
-32291
16703
6752
22879
-32348
-26662
-22211
-27460
22358
16934
-21905
15805
-30347
23938
29727
-23991
15689
31471
-30162
3792
-6448
-27160
17576
-4062
27829
-13851
-429
12136
-18338
-8713
25990
12331
28563
-30058
-28906
32150
-14459
-6327
-27940
-12366
11549
478
15507
25259
1939
28866
31530
-21817
-31179
-31672
28400
-25401
-17924
27659
18561
-18205
-10070
-27257
13195
-12047
2599
31668
-14162
-8554
-5303
19682
26412
12607
-32661
-20509
25349
722
15911
-10483
10205
-8219
-30502
26855
-12357
7493
19744
7151
25830
3378
-30452
9460
-23802
17909
-10329
-27221
-28368
-30039
19032
-21092
-4172
-1363
-973
-4071
-1893
20633
4586
16024
-27302
9999
-28852
20390
-29101
8779
-21381
17970
5551
18970
28040
17363
-498
-2301
2623
-25874
21586
-28839
30208
-28142
-11708
-20096
-13940
18009
-4790
4132
4887
-18106
-7125
-30693
-28091
-21609
30277
-8517
27397
-20022
-13381
-21885
-27374
18658
-28073
-12281
20803
-7076
-12374
-4825
-7718
-15525
16585
-27505
-22155
-28037
-10896
-18122
-15547
14292
8399
13855
22740
14745
-11965
865
20807
16847
-14372
-13748
-4953
15587
-18917
26096
-19363
-28983
-14961
25376
11922
2978
-6737
-9990
4327
31726
-29855
6805
20536
-8536
-24459
10870
-2926
-18196
-23767
-11140
-11077
28870
-2651
-3919
-15054
-30474
-8834
26781
4080
29677
-19659
16356
-17379
32626
15945
14289
31668
-15374
-10787
-453
-196
13100
-533
8786
-10569
425
-1773
1475
4299
-21593
-10511
-25745
-8360
-13440
-14577
30702
26769
9306
-26528
-32318
-18187
2965
-5945
-3993
25070
-29649
31600
-16971
-28393
5415
2573
8021
-19452
-12958
-15210
-26345
-26621
-18103
6902
-9457
-31508
32739
-10165
5512
3903
-3336
1214
22911
22735
14848
-31164
-31450
-24296
23577
17262
16720
29701
3734
-13351
-22223
32370
16173
9294
15350
-4304
2695
-13022
-3225
-21140
26819
21991
5184
-14472
10739
15115
-12968
-3401
17053
-30723
-4161
18888
26683
-2840
8878
-15817
32187
-11178
328
2151
20480
-27308
-2459
-24717
8800
-8998
-21480
-11646
-2852
15026
30626
-28495
8203
-12799
8177
-30568
-29383
1361
28721
28934
-23935
23806
-14451
14780
-8011
3571
31227
-2541
-18619
27181
15297
-27988
-30800
24897
12017
2940
26369
-28885
9067
-16456
17591
25892
-19524
-1133
-25809
-27006
21570
9714
15009
-26821
16996
-20663
9710
-15857
11864
-26347
-3952
-13453
17666
10645
-21847
-22840
-7420
12556
1988
-6693
23312
13694
30030
14235
9920
10093
1919
-1142
28351
6190
-28500
30372
32118
29288
-8641
1961
-23935
-667
9258
-25883
3629
20374
10475
28967
2050
-17151
-31697
-4874
4408
8656
16030
22425
-25145
21716
-30089
25017
-6694
-302
25532
-10983
-852
-28882
-14293
5042
10186
19209
2149
17468
-13764
-7410
-8308
-23741
-13364
-12796
-7163
-30208
-1852
15469
21608
-29155
17589
19934
7454
-7131
22698
8125
20466
6510
-31197
11209
10671
10936
-28226
5273
30354
15079
8064
24086
3791
-16574
32627
-30204
-8971
-28438
15532
3165
22752
-13656
18158
-15390
-14172
-4100
-9139
-888
-25474
-10541
4773
3193
-11463
18683
-550
-17792
27030
5671
-21449
-18884
-9165
9859
-28886
6606
5438
-24432
11978
9210
29743
-9829
-981
-7418
4058
-24943
-2906
-10323
-15598
18348
-23154
-20702
4620
-462
-9321
-20808
29770
-6814
12096
-11410
-29619
16246
-6185
-5778
-30661
-20678
26638
-11377
15347
-17041
-30731
-32043
7201
19693
-9711
-25106
12586
-27782
22719
10058
-15709
13083
-21811
1102
26875
-26623
-25143
25706
20154
-30873
15723
-32576
22598
14565
-24483
-16707
-27323
29681
-4456
1087
-25388
-19553
20341
6095
-25375
-27883
-32571
-6628
27919
-2267
29533
8005
20713
-11409
16437
-11274
-26767
24062
-24653
-31776
9304
3371
-10471
-7112
-26509
-21682
3702
-20504
13550
-2627
-14626
-20344
11051
7968
-26952
-18982
20843
20641
-11256
-17075
13257
10416
-24437
-13955
20434
20046
1976
5713
-20744
9741
29421
3753
7522
17044
11765
-8300
12746
9503
-18658
2384
20125
19964
27518
-31837
-29743
-7438
-14789
10865
-12100
-590
-2150
6844
-13720
-32325
-24902
-21317
-21080
29331
-22525
20835
-8871
-17003
11863
21061
8730
-17173
18643
27499
1852
-31851
29480
29483
28683
14684
29883
14637
24184
26732
29995
3822
-1259
-19506
-12485
-8257
-25277
31704
32016
7113
12476
13215
7490
11137
7595
-30041
-26313
-15669
-23231
-30957
-13764
-6918
30755
27862
12678
-21481
4469
-1700
-24858
29736
-19015
-25465
4026
3552
-6815
-14477
342
4481
27511
21419
30483
-30289
-829
-27570
-969
13034
16980
16661
12421
1463
12177
-3676
-28933
3451
21696
-18592
-26686
12746
27421
12306
-31961
23438
-22491
-12405
-15794
32132
-30880
-4512
-5720
-27836
16390
-30717
-21392
2332
-8731
13581
-30674
13790
-20706
26593
24521
8717
-18641
-28066
14039
-24844
-11601
-8714
-15248
21263
-30018
28649
21562
-23968
-26484
-12705
-29523
-29723
-26414
-25002
19467
28723
-4266
-6927
22214
14955
-9623
27118
-9627
-17053
18838
27644
-2264
18550
3774
-16639
891
-29688
-21016
-19283
4026
-15863
26660
16486
-13180
10397
-6482
-2364
25822
-18406
-28297
29419
16048
6692
-19876
-12063
-1269
12412
-26096
-9367
-31078
10088
27823
4007
-32751
-28467
10648
29364
-4912
-25727
21333
-22203
2302
-14530
-15363
-23498
9952
-10949
19894
-6534
-1682
3876
22258
-20387
19077
10449
-10035
26223
-8797
20881
-31590
16200
-8050
-29309
-14957
21792
-22864
19587
415
-11520
25142
-4322
-326
5763
-2971
-18865
-10528
15446
-31396
4696
9438
1215
3247
8214
-10408
16915
3020
6778
-3479
13118
-13119
17385
15929
-21567
1023
29214
-29457
-32425
26937
22182
16148
23075
-11470
-5984
-27693
-7401
15313
14083
10170
7241
-15114
-19863
-32524
11559
27510
-4346
11243
-21626
24260
-11613
12560
-18380
-31705
-28101
-18090
15806
-21325
13451
-5849
3713
17389
-17372
18998
9310
28471
22073
25673
15407
-32224
1784
28689
-30180
-13393
-2753
-31872
13567
-22310
-14354
26876
-20760
-24494
24508
-479
5722
-109
-30052
27895
5636
31133
-2050
26119
-18153
-15785
-2661
-19269
30192
26033
-27565
31194
-1684
30217
-32720
-31333
-869
-29370
-14358
32120
-32390
-17407
-11165
10265
-16941
-27336
-28630
12355
20775
1339
16645
-18786
14161
-9006
-31429
24794
-10783
27311
-24706
10881
31001
3196
13821
-32033
-20057
2187
-10188
-32503
-16142
17027
-983
8758
11260
26177
-16859
29060
-29178
7252
23531
-11388
-27251
-3713
30443
-13355
15333
-15424
23315
-18323
31333
7997
15474
-4139
6169
8153
-21352
-32348
9660
22950
17706
30214
-25374
12270
-23618
19193
8098
12844
-4365
3453
-27326
20625
25148
-9930
-5246
24705
-32083
17808
32257
-28948
14124
6769
14842
-28566
21621
25730
32049
7174
-8750
19917
24319
19867
24108
-6098
27094
-1850
28569
6145
31671
-23553
28530
1090
30393
-9152
-263
3950
-16777
-32634
-31359
-21971
-6116
-11753
-23889
6580
11039
-12279
-7884
20422
-4767
-15686
-16527
-31668
-3170
2216
14610
23707
-3444
-21671
-11291
-27023
-8827
22527
-29514
-7701
-8236
-29215
-30350
5799
9170
-12205
-21677
-32051
25550
-7935
23489
-17820
-20498
-29858
20917
14903
677
32726
-3276
22607
-35
-28431
23578
-31906
18490
25718
16393
-24546
-13870
-23142
29397
25397
12629
-22512
16656
-11445
11675
30040
-12832
-5104
-31744
12438
-188
-24169
27413
4566
25458
19478
-14211
-8183
-9508
-29664
19588
9487
3462
-28710
-21607
17126
6562
23354
6416
-22391
1108
-7138
-13430
-12659
7886
-472
-4388
5309
30997
12875
-15032
3822
-23170
-25692
-32359
7123
-2626
28065
-23415
6634
26583
-7846
-17348
-3817
-21397
-28519
11324
15415
-26405
-31703
-28002
881
32262
-20572
-29646
6886
-3591
1617
-16555
-4635
-20430
-12419
14904
9800
-14164
-6068
19529
-26329
-15462
-18203
-22723
10734
-29477
-26849
30755
-20700
29831
-29349
2551
23721
-5845
-8698
-5475
